2 0
4 2 3 3
6 84 109 51 15 5
8 5430 5863 2539 773 185 35 7
10 526568 511425 215067 63811 14757 2805 455 63 9
12 72755370 66058315 27254835 7943001 1804361 336999 53535 7405 909 99 11
14 13656650172 11833316053 4816483363 1385977559 310932773 57350105 8995807 1228627 148681 16157 1595 143 13
16 3351430059614 2805839542959 1130498969691 322238083405 71622764985 13088663211 2034038231 275208849 32989245 3550855 346899 31029 2561 195 15
18 1042952206111440 850445422065193 339952334822859 96189230731083 21226391614085 3851373342525 594252489687 79827057991 9499769577 1015077585 98437955 8739843 715629 54373 3855 255 17
20 401578933206288978 320691767828743315 127382244123242467 35831112927027041 7861706549619977 1418352556659695 217605688174255 29065206044053 3439128607309 365368625963 35226826235 3109381865 253102417 19116871 1346887 88925 5525 323 19
22 187505565234912994340 147222448375972458045 58175852889969428115 16285535969663412511 3556489141209366981 638663489268773409 97531938536744495 12966916736510235 1527186806145129 161490325356229 15497069859051 1361441501655 110295332525 8290865961 581328711 38195539 2361105 137805 7619 399 21
24 104407931801807996919942 80835483952764937309303 31804755134479073614923 8867625590010272636949 1928991468290139900473 345066862112459307315 52493666369394121767 6952260327915010297 815657084883217341 85917743322651087 8212969196151875 718714160707773 57997943875713 4342548444619 303281889183 19847577825 1221996677 71035047 3910971 204517 10185 483 23
3 0 1
5 12 19 8 4
7 640 749 330 104 24 6
9 50988 51871 22092 6636 1552 300 48 8
11 5940576 5559865 2313854 679840 155680 29314 4694 656 80 10
13 961839340 851482571 348752976 100945172 22776840 4225320 666628 91584 11148 1220 120 12
15 207316760352 176361686629 71395767858 20440910424 4563046408 837474750 130711770 17762792 2138616 231222 22690 2040 168 14
17 57487448630220 47459884368919 19042120798100 5406651650044 1197146094304 217944228196 33741175160 4547838680 543054356 58225936 5666044 504820 41480 3164 224 16
19 19954639072648768 16093278506356721 6411634477265382 1808553263092496 397894789017552 71978947413690 11072853075838 1482972926688 175947783264 18743419778 1812095190 160390992 13092112 991626 70062 4640 288 18
21 8480263630552747596 6712217183669926915 2658933848081735064 746041736990302500 163287284278927000 29387508900836064 4497740504245644 599296473849296 70738727826780 7496793361980 721019931136 63484923996 5154759744 388362200 27292980 1797384 111364 6516 360 20
23 4332318322289242716480 3376741034385620885341 1331332399285626919706 371908393454176752712 81053208510825138040 14525972968902861430 2213847077444287298 293741344435489784 34526000067488648 3643538755366510 348935813396170 30592134606952 2473307724056 185535157382 12982198130 851204440 52508008 3058174 168698 8840 440 22
