2 0 1
4 0 8 1 0
6 0 60 14 1 0 0
8 0 600 142 20 1 0 0 0
10 0 7440 1772 256 26 1 0 0 0 0
12 0 109680 26204 3832 402 32 1 0 0 0 0 0
14 0 1869600 447400 65840 7020 580 38 1 0 0 0 0 0 0
16 0 36126240 8652872 1277776 137436 11576 790 44 1 0 0 0 0 0 0 0
18 0 779588160 186821648 27642784 2988024 254384 17740 1032 50 1 0 0 0 0 0 0 0 0
20 0 18569720640 4451443792 659426336 71489496 6124336 432380 25752 1306 56 1 0 0 0 0 0 0 0 0 0
22 0 483684766080 115968413024 17191648192 1867109712 160556192 11418760 689424 35852 1612 62 1 0 0 0 0 0 0 0 0 0 0
24 0 13670288304000 3277979967200 486160849600 52858899600 4556141600 325503400 19816080 1045820 48280 1950 68 1 0 0 0 0 0 0 0 0 0 0 0
3 0 3 0
5 0 20 5 0 0
7 0 180 44 7 0 0 0
9 0 2040 494 76 9 0 0 0 0
11 0 27840 6712 1016 116 11 0 0 0 0 0
13 0 443760 106748 16024 1794 164 13 0 0 0 0 0 0
15 0 8082240 1941872 290176 32136 2876 220 15 0 0 0 0 0 0 0
17 0 165442080 39722824 5920592 651612 57592 4310 284 17 0 0 0 0 0 0 0 0
19 0 3757545600 901832480 134213440 14717040 1291040 95320 6144 356 19 0 0 0 0 0 0 0 0 0
21 0 93720632640 22488093392 3343695136 365830296 31945136 2338780 148632 8426 436 21 0 0 0 0 0 0 0 0 0 0
23 0 2545538684160 610706467648 90752941184 9915376224 863349184 62871920 3959328 221224 11204 524 23 0 0 0 0 0 0 0 0 0 0 0
25 0 74763216723840 17934935190752 2664231438016 290827928976 25276522016 1834429480 114839952 6355196 317176 14526 620 25 0 0 0 0 0 0 0 0 0 0 0 0
26 0 416520424323840 99884434370752 14818252678016 1612300418976 139180062016 9972014480 610241952 32500696 1524176 63276 2320 74 1 0 0 0 0 0 0 0 0 0 0 0 0
28 0 13606415515887360 3263072477340608 484181092372864 52705937884704 4554231308864 326911571920 20072613408 1075254584 50923504 2149404 81080 2722 80 1 0 0 0 0 0 0 0 0 0 0 0 0 0
27 0 2360364059143680 566192749330304 84088270066432 9173826572352 796369634432 57667180960 3596080704 197735792 9770752 440952 18440 724 27 0 0 0 0 0 0 0 0 0 0 0 0 0
